44182295
46930998
24978538
16224745
44137675
444795
49846579
11433190
25126798
23725625
644241
6450551
9931953
10096043
25227436
11624601
2375
10077147
51042438
24180719
5311497
60750
56941241
59473233
91663328
49847690
36314
6918289
1018
44819241
11488320
148124
126565
216239
11316960
11178236
5310940
9956119
24776445
16241412
56645356
118704762
57345410
11640390
24788740
24821094
68289010
11667893
10390396
25124816
46926973
24856436
71271629
300471
16720766
176870
9826528
5494449
11152667
78209992
216326
9825149
227681
2155128
60167849
44631912
24958200
44462760
52913813
78243717
11960529
9926054
70676303
11626560
6710780
46236925
104842
104741
46883536
44632017
6505803
2984337
5311
11404337
5394
5328940
71496458
46907787
46931953
9936746
5384616
3385
72200024
462382
387447
11327430
52918385
44450571
11707110
51371303
24771867
9943465
9858940
68107965
46943432
6253
3899
56649450
60838
10184653
51039095
66577015
10385095
5460769
2314623
6914657
10127622
41867
71297207
123631
24871506
10384072
1401
11609586
25227847
91668541
42623951
71299339
54761306
42642645
16095342
117072552
2907
2802462
11655119
71268957
17755052
2726824
992586
51001932
11977753
57519544
46843057
9927531
24737642
70983932
46926350
9938202
11455910
51000408
84691
24753719
54685215
25262965
10459196
5278396
176158
56962336
637858
208908
11719003
73555129
11228183
126941
35397514
9914412
9933475
11364421
11634725
24866313
24360
25099184
44462758
5330286
156422
56962337
2733526
4261
68947304
59472121
53469448
3062316
44224160
5327091